1.63606E-5	0.01391
0.16696	0.06593
0.33391	0.12304
0.50085	0.1945
0.66779	0.26486
0.83474	0.33364
1.00168	0.39945
1.16863	0.46371
1.33557	0.53723
1.50252	0.60917
1.66946	0.66602
1.83641	0.72194
2.00335	0.78231
2.1703	0.83457
2.33724	0.88744
2.50418	0.94512
2.67113	0.99238
2.83807	1.03794
3.00502	1.09856
3.17196	1.13947
3.33891	1.18094
3.50585	1.22879
3.6728	1.26159
3.83974	1.31502
4.00669	1.35519
4.17363	1.38765
4.34058	1.41879
4.50752	1.45528
4.67446	1.48576
4.84141	1.52152
5.00835	1.54992
5.1753	1.56796
5.34224	1.58461
5.50919	1.60467
5.67613	1.62941
5.84308	1.63371
6.01002	1.65582
6.17697	1.6638
6.34391	1.66631
6.51085	1.67338
6.6778	1.68037
6.84474	1.68575
7.01169	1.67402
7.17863	1.68332
7.34558	1.67361
7.51252	1.66325
7.67947	1.65843
7.84641	1.64449
8.01336	1.64836
8.1803	1.64465
8.34725	1.63078
8.51419	1.60931
8.68113	1.59125
8.84808	1.57364
9.01502	1.55017
9.18197	1.52253
9.34891	1.49932
9.51586	1.47246
9.6828	1.44213
9.84975	1.40388
10.01669	1.37071
10.18364	1.3357
10.35058	1.29491
10.51752	1.24763
10.68447	1.2059
10.85141	1.16363
11.01836	1.12598
11.1853	1.08536
11.35225	1.03401
11.51919	0.98416
11.68614	0.93043
11.85308	0.89071
12.02003	0.83752
12.18697	0.79087
12.35391	0.73733
12.52086	0.68985
12.6878	0.63866
12.85475	0.59045
13.02169	0.53518
13.18864	0.47506
13.35558	0.42075
13.52253	0.37318
13.68947	0.3235
13.85642	0.2635
14.02336	0.20786
14.19031	0.15576
14.35725	0.10368
14.52419	0.04458
14.69114	-8.11178E-4
14.85808	-0.04247
15.02503	-0.09818
15.19197	-0.15797
15.35892	-0.21059
15.52586	-0.26228
15.69281	-0.3158
15.85975	-0.36357
16.0267	-0.41738
16.19364	-0.4651
16.36058	-0.52536
16.52753	-0.56571
16.69447	-0.60853
16.86142	-0.66044
17.02836	-0.70483
17.19531	-0.74394
17.36225	-0.78517
17.5292	-0.81949
17.69614	-0.85357
17.86309	-0.88943
18.03003	-0.92021
18.19697	-0.94624
18.36392	-0.97376
18.53086	-1.00869
18.69781	-1.02238
18.86475	-1.04384
19.0317	-1.06249
19.19864	-1.08247
19.36559	-1.09524
19.53253	-1.0963
19.69948	-1.10437
19.86642	-1.11399
20.03337	-1.11665
20.20031	-1.12089
20.36725	-1.12922
20.5342	-1.12893
20.70114	-1.13156
20.86809	-1.12791
21.03503	-1.13221
21.20198	-1.13164
21.36892	-1.12302
21.53587	-1.12732
21.70281	-1.11472
21.86976	-1.11114
22.0367	-1.10363
22.20364	-1.09921
22.37059	-1.08464
22.53753	-1.08883
22.70448	-1.07934
22.87142	-1.05989
23.03837	-1.0499
23.20531	-1.0352
23.37226	-1.02814
23.5392	-1.00872
23.70615	-0.99268
23.87309	-0.97008
24.04004	-0.95084
24.20698	-0.92934
24.37392	-0.90888
24.54087	-0.87971
24.70781	-0.85865
24.87476	-0.82843
25.0417	-0.80509
25.20865	-0.7795
25.37559	-0.75269
25.54254	-0.71987
25.70948	-0.68543
25.87643	-0.65679
26.04337	-0.62216
26.21031	-0.59049
26.37726	-0.55298
26.5442	-0.5185
26.71115	-0.48066
26.87809	-0.44854
27.04504	-0.41249
27.21198	-0.37681
27.37893	-0.33966
27.54587	-0.30692
27.71282	-0.27318
27.87976	-0.23097
28.0467	-0.19302
28.21365	-0.15693
28.38059	-0.13111
28.54754	-0.08874
28.71448	-0.05769
28.88143	-0.02396
29.04837	0.0015
29.21532	0.0314
29.38226	0.06563
29.54921	0.09573
29.71615	0.13298
29.8831	0.1669
30.15198	0.23905
30.31893	0.26894
30.48587	0.29856
30.65282	0.32817
30.81976	0.35762
30.98671	0.38686
31.15365	0.4171
31.3206	0.44586
31.48754	0.47323
31.65449	0.49907
31.82143	0.52385
31.98837	0.54765
32.15532	0.56973
32.32226	0.5926
32.48921	0.61381
32.65615	0.63442
32.8231	0.65407
32.99004	0.67271
33.15699	0.68896
33.32393	0.70621
33.49088	0.72149
33.65782	0.73381
33.82476	0.74592
33.99171	0.75606
34.15865	0.76325
34.3256	0.77031
34.49254	0.77739
34.65949	0.78292
34.82643	0.78744
34.99338	0.791
35.16032	0.79084
35.32727	0.78968
35.49421	0.78591
35.66116	0.78212
35.8281	0.77736
35.99504	0.77457
36.16199	0.76981
36.32893	0.76789
36.49588	0.76302
36.66282	0.75814
36.82977	0.75106
36.99671	0.745
37.16366	0.7342
37.3306	0.72439
37.49755	0.71164
37.66449	0.69799
37.83143	0.68042
37.99838	0.6627
38.16532	0.64152
38.33227	0.6211
38.49921	0.59874
38.66616	0.57805
38.8331	0.55849
39.00005	0.53995
39.16699	0.51905
39.33394	0.49806
39.50088	0.47446
39.66783	0.44632
39.83477	0.41868
40.00171	0.39148
40.16866	0.36433
40.3356	0.33842
40.50255	0.31489
40.66949	0.28973
40.83644	0.26375
41.00338	0.23578
41.17033	0.20655
41.33727	0.17632
41.50422	0.1454
41.67116	0.11447
41.8381	0.08691
42.00505	0.06034
42.17199	0.03588
42.33894	0.01375
42.50588	-0.0074
42.67283	-0.03038
42.83977	-0.05411
43.00672	-0.0791
43.17366	-0.10704
43.34061	-0.13597
43.50755	-0.16409
43.67449	-0.19171
43.84144	-0.22019
44.00838	-0.2447
44.17533	-0.26724
44.34227	-0.29054
44.50922	-0.3126
44.67616	-0.33172
44.84311	-0.3514
45.01005	-0.37107
45.177	-0.38954
45.34394	-0.40797
45.51089	-0.42738
45.67783	-0.44669
45.84477	-0.46401
46.01172	-0.48011
46.17866	-0.49524
46.34561	-0.51037
46.51255	-0.52534
46.6795	-0.54129
46.84644	-0.5564
47.01339	-0.57164
47.18033	-0.58452
47.34728	-0.59671
47.51422	-0.60695
47.68116	-0.61619
47.84811	-0.62257
48.01505	-0.62885
48.182	-0.63251
48.34894	-0.63715
48.51589	-0.6428
48.68283	-0.64775
48.84978	-0.65127
49.01672	-0.65577
49.18367	-0.65807
49.35061	-0.65837
49.51755	-0.65906
49.6845	-0.65781
49.85144	-0.65271
50.01839	-0.64691
50.18533	-0.63923
50.35228	-0.63031
50.51922	-0.62236
50.68617	-0.61615
50.85311	-0.6081
51.02006	-0.599
51.187	-0.58848
51.35395	-0.57638
51.52089	-0.56337
51.68783	-0.55028
51.85478	-0.53719
52.02172	-0.52383
52.18867	-0.51046
52.35561	-0.4971
52.52256	-0.48392
52.6895	-0.47076
52.85645	-0.45758
53.02339	-0.4444
53.19034	-0.42983
53.35728	-0.41368
53.52422	-0.39754
53.69117	-0.38041
53.85811	-0.36077
54.02506	-0.34001
54.192	-0.32065
54.35895	-0.30068
54.52589	-0.28103
54.69284	-0.26345
54.85978	-0.24664
55.02673	-0.22962
55.19367	-0.21287
55.36062	-0.19546
55.52756	-0.1772
55.6945	-0.15855
55.86145	-0.13901
56.02839	-0.11885
56.19534	-0.09995
56.36228	-0.08127
56.52923	-0.06378
56.69617	-0.0463
56.86312	-0.02881
57.03006	-0.01235
57.19701	0.00373
57.36395	0.0208
57.53089	0.03688
57.69784	0.05108
57.86478	0.06724
58.03173	0.08363
58.19867	0.09805
58.36562	0.11346
58.53256	0.13066
58.69951	0.14688
58.86645	0.16191
59.0334	0.17779
59.20034	0.19071
59.36728	0.20175
59.53423	0.2118
59.70117	0.22092
59.86812	0.23032
60.03506	0.24168
60.20201	0.25212
60.36895	0.26291
60.5359	0.27467
60.70284	0.28434
60.86979	0.29283
61.03673	0.30221
61.20368	0.31061
61.37062	0.31605
61.53756	0.32149
61.70451	0.32588
61.87145	0.32836
62.0384	0.32973
62.20534	0.33269
62.37229	0.33466
62.53923	0.33629
62.70618	0.33966
62.87312	0.34227
63.04007	0.34491
63.20701	0.34654
63.37395	0.34686
63.5409	0.34407
63.70784	0.34314
63.87479	0.34022
64.04173	0.33884
64.20868	0.33741
64.37562	0.33699
64.54257	0.33331
64.70951	0.32964
64.87646	0.32389
65.0434	0.31716
65.21034	0.31018
65.37729	0.30246
65.54423	0.29473
65.71118	0.28558
65.87812	0.27642
66.04507	0.26455
66.21201	0.25398
66.37896	0.24143
66.5459	0.23084
66.71285	0.22029
66.87979	0.21091
67.04674	0.2009
67.21368	0.19089
67.38062	0.17987
67.54757	0.16888
67.71451	0.15819
67.88146	0.1473
68.0484	0.13741
68.21535	0.12753
68.38229	0.11699
68.54924	0.10435
68.71618	0.09027
68.88313	0.07668
69.05007	0.06135
69.21701	0.04533
69.38396	0.03128
69.5509	0.01862
69.71785	0.00489
69.88479	-0.00833
70.05174	-0.01924
70.21868	-0.03015
70.38563	-0.04086
70.55257	-0.05206
70.71952	-0.06152
70.88646	-0.07295
71.05341	-0.08439
71.22035	-0.0968
71.38729	-0.1075
71.55424	-0.11828
71.72118	-0.12707
71.88813	-0.13638
72.05507	-0.14397
72.22202	-0.15157
72.38896	-0.16061
72.55591	-0.17023
72.72285	-0.17879
72.8898	-0.18797
73.05674	-0.19676
73.22368	-0.20326
73.39063	-0.21059
73.55757	-0.21844
73.72452	-0.22581
73.89146	-0.23518
74.05841	-0.24607
74.22535	-0.25591
74.3923	-0.26316
74.55924	-0.26953
74.72619	-0.27293
74.89313	-0.27516
75.06007	-0.27672
75.22702	-0.28049
75.39396	-0.28477
75.56091	-0.28905
75.72785	-0.29128
75.8948	-0.29286
76.06174	-0.29287
76.22869	-0.29159
76.39563	-0.29127
76.56258	-0.29295
76.72952	-0.29559
76.89647	-0.29822
77.06341	-0.30156
77.23035	-0.30393
77.3973	-0.30393
77.56424	-0.30206
77.73119	-0.30019
77.89813	-0.29788
78.06508	-0.29388
78.23202	-0.29162
78.39897	-0.28971
78.56591	-0.28709
78.73286	-0.28524
78.8998	-0.28497
